25,1
25,3
3,2
3,1
3,3
10,10
10,100
10,222
10,200
10,120
10,276
8,11
8,6
8,14
8,17
8,4
8,2
8,3
48,4
48,3
48,2
48,1
48,0
47,3
47,2
47,1
47,0
46,3
46,2
46,1
46,0
45,5
45,4
45,3
45,2
45,1
45,0
44,4
44,3
44,2
44,1
44,0
42,5
42,4
42,3
42,2
42,1
42,0
39,5
39,4
39,3
39,2
39,1
39,0
37,5
37,4
37,3
37,2
37,1
37,0
35,5
35,4
35,3
35,2
35,1
20,3
20,2
20,1
19,3
19,2
19,1
12,3
12,2
12,1
11,28
18,1
11,26
11,24
18,3
11,22
11,18
11,16
11,14
11,12
11,10
11,8
14,1
11,6
14,3
11,4
13,1
11,3
11,2
13,3
11,1
10,278
10,250
10,214
10,196
10,190
10,188
10,148
10,144
10,126
10,94
10,86
10,28
10,20
